This file contains the corresponding layer temperatures and pressures, and the altitude and the height of each layer.
layer   temp.[K]          press.[10^-6bar]        altitude[cm]         height.of.layer[cm]    conv.unstable?[1:yes,0:no]    conv.lapse-rate?[1:yes,0:no]    pl.eff.temp.[K]   
BOA     1620.38           1e+09                   -5.02227e+08         not_avail.             0                             0                               499.987           
0       1620.29           8.9568e+08              -4.89971e+08         2.45105e+07            0                             0                               
1       1620.11           7.18554e+08             -4.65462e+08         2.45078e+07            0                             0                               
2       1619.96           5.76455e+08             -4.40956e+08         2.45056e+07            0                             0                               
3       1619.85           4.62457e+08             -4.16451e+08         2.45038e+07            0                             0                               
4       1619.75           3.71003e+08             -3.91948e+08         2.45024e+07            0                             0                               
5       1619.68           2.97635e+08             -3.67446e+08         2.45012e+07            0                             0                               
6       1619.62           2.38776e+08             -3.42945e+08         2.45003e+07            0                             0                               
7       1619.57           1.91556e+08             -3.18445e+08         2.44996e+07            0                             0                               
8       1619.53           1.53675e+08             -2.93946e+08         2.4499e+07             0                             0                               
9       1619.5            1.23285e+08             -2.69447e+08         2.44986e+07            0                             0                               
10      1619.48           9.89043e+07             -2.44949e+08         2.44982e+07            0                             0                               
11      1619.45           7.93454e+07             -2.20451e+08         2.44979e+07            0                             0                               
12      1619.43           6.36543e+07             -1.95953e+08         2.44976e+07            0                             0                               
13      1619.41           5.10663e+07             -1.71456e+08         2.44972e+07            0                             0                               
14      1619.38           4.09676e+07             -1.46959e+08         2.44968e+07            0                             0                               
15      1619.35           3.2866e+07              -1.22462e+08         2.44963e+07            0                             0                               
16      1619.3            2.63665e+07             -9.79663e+07         2.44955e+07            0                             0                               
17      1619.22           2.11524e+07             -7.34715e+07         2.44943e+07            0                             0                               
18      1619.09           1.69693e+07             -4.89781e+07         2.44924e+07            0                             0                               
19      1618.9            1.36135e+07             -2.44871e+07         2.44895e+07            0                             0                               
20      1618.59           1.09214e+07             0                    2.44848e+07            0                             0                               
21      1618.07           8.76161e+06             2.44808e+07          2.44769e+07            0                             0                               
22      1617.18           7.02894e+06             4.8951e+07           2.44635e+07            0                             0                               
23      1615.66           5.63892e+06             7.3403e+07           2.44405e+07            0                             0                               
24      1613.1            4.52379e+06             9.78241e+07          2.44017e+07            0                             0                               
25      1608.85           3.62918e+06             1.22194e+08          2.43375e+07            0                             0                               
26      1602.02           2.91149e+06             1.46479e+08          2.42341e+07            0                             0                               
27      1591.31           2.33572e+06             1.70633e+08          2.40722e+07            0                             0                               
28      1574.89           1.87382e+06             1.94581e+08          2.38237e+07            0                             0                               
29      1549.91           1.50326e+06             2.18215e+08          2.34458e+07            0                             0                               
30      1511.52           1.20598e+06             2.41371e+08          2.2865e+07             0                             0                               
31      1449.16           967489                  2.63764e+08          2.19218e+07            0                             1                               
32      1386.13           776162                  2.85209e+08          2.09683e+07            0                             1                               
33      1325.06           622671                  3.05716e+08          2.00444e+07            0                             1                               
34      1265.9            499533                  3.25313e+08          1.91496e+07            0                             1                               
35      1208.64           400747                  3.44029e+08          1.82834e+07            0                             1                               
36      1153.25           321497                  3.61894e+08          1.74455e+07            0                             1                               
37      1099.7            257919                  3.78934e+08          1.66354e+07            0                             1                               
38      1047.98           206914                  3.95178e+08          1.58531e+07            0                             1                               
39      998.076           165995                  4.10654e+08          1.50981e+07            0                             1                               
40      949.96            133169                  4.25388e+08          1.43703e+07            0                             1                               
41      903.619           106834                  4.39408e+08          1.36693e+07            0                             1                               
42      859.033           85706.6                 4.5274e+08           1.29948e+07            0                             1                               
43      816.176           68757.6                 4.6541e+08           1.23465e+07            0                             1                               
44      775.032           55160.3                 4.77446e+08          1.17241e+07            0                             1                               
45      735.588           44252                   4.88872e+08          1.11274e+07            0                             1                               
46      697.813           35500.9                 4.99713e+08          1.0556e+07             0                             1                               
47      661.667           28480.4                 5.09996e+08          1.00092e+07            0                             1                               
48      627.114           22848.2                 5.19744e+08          9.48649e+06            0                             1                               
49      594.12            18329.8                 5.28981e+08          8.98739e+06            0                             1                               
50      562.643           14705                   5.3773e+08           8.51123e+06            0                             1                               
51      532.636           11797                   5.46014e+08          8.05731e+06            0                             1                               
52      504.052           9464.04                 5.53855e+08          7.62491e+06            0                             1                               
53      477.968           7592.46                 5.61283e+08          7.23033e+06            0                             0                               
54      458.943           6091.01                 5.68369e+08          6.94253e+06            0                             0                               
55      443.9             4886.47                 5.75198e+08          6.71498e+06            0                             0                               
56      430.365           3920.14                 5.81811e+08          6.51023e+06            0                             0                               
57      417.497           3144.91                 5.88224e+08          6.31557e+06            0                             0                               
58      405.534           2522.98                 5.94449e+08          6.1346e+06             0                             0                               
59      394.917           2024.04                 6.00503e+08          5.974e+06              0                             0                               
60      384.958           1623.78                 6.06402e+08          5.82335e+06            0                             0                               
61      375.948           1302.66                 6.12157e+08          5.68706e+06            0                             0                               
62      368.712           1045.05                 6.17789e+08          5.57759e+06            0                             0                               
63      362.505           838.388                 6.2332e+08           5.4837e+06             0                             0                               
64      356.487           672.591                 6.28758e+08          5.39267e+06            0                             0                               
65      351.05            539.582                 6.3411e+08           5.31041e+06            0                             0                               
66      346.181           432.876                 6.39383e+08          5.23677e+06            0                             0                               
67      341.603           347.272                 6.44585e+08          5.16751e+06            0                             0                               
68      337.7             278.597                 6.49723e+08          5.10847e+06            0                             0                               
69      335.023           223.502                 6.54811e+08          5.06797e+06            0                             0                               
70      332.968           179.303                 6.59864e+08          5.03688e+06            0                             0                               
71      331.877           143.845                 6.64893e+08          5.02039e+06            0                             0                               
72      332.808           115.399                 6.6992e+08           5.03446e+06            0                             0                               
73      335.082           92.5779                 6.74972e+08          5.06886e+06            0                             0                               
74      336.88            74.27                   6.80054e+08          5.09606e+06            0                             0                               
75      339.766           59.5826                 6.85172e+08          5.13971e+06            0                             0                               
76      344.218           47.7998                 6.90345e+08          5.20706e+06            0                             0                               
77      349.532           38.3471                 6.95593e+08          5.28745e+06            0                             0                               
78      356.366           30.7637                 7.00932e+08          5.39083e+06            0                             0                               
79      365.018           24.68                   7.06388e+08          5.52171e+06            0                             0                               
80      374.192           19.7993                 7.11979e+08          5.66049e+06            0                             0                               
81      382.764           15.8839                 7.17704e+08          5.79016e+06            0                             0                               
82      391.863           12.7427                 7.23563e+08          5.92781e+06            0                             0                               
83      401.161           10.2228                 7.29562e+08          6.06846e+06            0                             0                               
84      408.573           8.20117                 7.35686e+08          6.18057e+06            0                             0                               
85      415.065           6.57933                 7.41916e+08          6.27878e+06            0                             0                               
86      421.064           5.27823                 7.4824e+08           6.36954e+06            0                             0                               
87      426.242           4.23442                 7.54649e+08          6.44786e+06            0                             0                               
88      430.383           3.39704                 7.61128e+08          6.5105e+06             0                             0                               
89      433.579           2.72525                 7.67662e+08          6.55885e+06            0                             0                               
90      435.728           2.18632                 7.74238e+08          6.59135e+06            0                             0                               
91      436.679           1.75396                 7.80836e+08          6.60574e+06            0                             0                               
92      436.776           1.4071                  7.87443e+08          6.60721e+06            0                             0                               
93      436.237           1.12884                 7.94046e+08          6.59906e+06            0                             0                               
94      435.094           0.905603                8.00636e+08          6.58177e+06            0                             0                               
95      433.403           0.726514                8.07205e+08          6.55619e+06            0                             0                               
96      431.265           0.582841                8.13745e+08          6.52385e+06            0                             0                               
97      428.613           0.467581                8.20249e+08          6.48372e+06            0                             0                               
98      425.396           0.375113                8.26708e+08          6.43506e+06            0                             0                               
99      421.618           0.300932                8.33115e+08          6.37791e+06            0                             0                               
100     417.426           0.241421                8.39461e+08          6.3145e+06             0                             0                               
101     413.119           0.193678                8.45743e+08          6.24935e+06            0                             0                               
102     408.629           0.155377                8.51958e+08          6.18142e+06            0                             0                               
103     402.698           0.12465                 8.58095e+08          6.0917e+06             0                             0                               
104     380.279           0.1                     8.64017e+08          5.75257e+06            0                             0                               
